0777468442
0777468442
0777468442
0777468442
0777468442
0777468442
0777468442
0777468442
0777468442
0777468442
0777468442
0777468442
0777468442
0777468442
0777468442
0777468442
0777468442
0777468442
0777468442
0777468442
0777468442
0777468442
0777468442
0777468442
0777468442
0777468442
0777468442
0777468442
0777468442
0777468442
0777468442
0777468442
0777468442
0777468442
0777468442
0777468442
0777468442
0777468442
0777468442
0777468442
0777468442
0777468442
0777468442
0777468442
0777468442
0777468442
0777468442
0777468442
0777468442
0777468442
0777468442
0777468442
0777468442
0777468442
0777468442
0777468442
0777468442
0777468442
0777468442
0777468442
0777468442
0777468442
0777468442
0777468442
0777468442
0777468442
0777468442
0777468442
0777468442
0777468442
0208954544
0122342390
0792113675
0179736477
0127459883
0174460617
0781459637
0122342054
0777468442
0782655034
082132392257
0127459883
0208954544
0122342390
0122342054
0179736477
0174460617
0777468442
0792113675
0781459637
0127459883
082132392257
0208954544
0122342390
0782655034
0179736477
0122342054
0792113675
0174460617
0777468442
082132392257
0782655034
0781459637
0179736477
0122342054
0127459883
0208954544
0174460617
0122342390
0792113675
0777468442
0782655034
0781459637
082132392257
0127459883
0122342390
0208954544
0179736477
0122342054
0792113675
0174460617
0127459883
0777468442
0122342390
082132392257
0208954544
0179736477
0781459637
0782655034
0122342054
0792113675
0174460617
082132392257
0777468442
0782655034
0781459637
+60174460617
+233208954544
+60127459883
+60122342390
+60179736477
+27792113675
+60122342054
+33781459637
+33782655034
+33777468442
+60127459883
+233208954544
+6282132392257
+60179736477
+60122342390
+60122342054
+27792113675
+60174460617
+33777468442
+6282132392257
+33781459637
+33782655034
+60122342390
+233208954544
+60127459883
+60179736477
+60122342054
+33777468442
+27792113675
+60174460617
+6282132392257
+33782655034
+33781459637
